@relation synthetic 

@attribute x numeric
@attribute y numeric
@attribute z numeric
@attribute actual_output numeric
@data
0.26	0.08	0.28	1.472
0.26	0.52	0.01	1.802
0.85	0.6	0.14	1.548
0.94	0.22	0.48	1.39
0.53	0.05	0.76	2.141
0.07	0.59	0.63	3.541
0.99	0.94	0.96	3.898
0.22	0.39	0.52	2.699
0.61	0.52	0.36	2.152
0.29	0.31	0.01	1.325
0.23	0.69	0.67	3.647
0.07	0.46	0.27	2.476
0.59	0.76	0.58	3.164
0.25	0.39	0.79	3.257
0.94	0.37	0.1	0.869
0.61	0.78	0.04	1.994
0.6	0.39	0.67	2.573
0.41	0.33	0.96	3.313
0.46	0.72	0.69	3.478
0.16	0.88	0.35	3.426
0.35	0.26	0.95	3.216
0.93	0.2	0.08	0.48
0.15	0.75	0.5	3.495
0.52	0.46	0.08	1.518
0.37	0.95	0.77	4.245
0.74	0.86	0.57	3.172
0.03	0.05	0.83	2.895
0.15	0.72	0.76	4.004
0.64	0.06	0.78	2.074
0.79	0.99	0.3	2.791
0.57	0.97	0.4	3.233
0.74	0.93	0.47	3.099
0.92	0.12	0.26	0.72
0.11	0.66	0.13	2.54
0.9	0.4	0.63	2.146
0.48	0.37	0.98	3.357
0.89	0.31	0.03	0.649
0.97	0.88	0.01	1.706
0.7	0.26	0.26	1.278
0.25	0.34	0.59	2.712
0.82	0.69	0.27	2.059
0.41	0.72	0.88	3.956
0.1	0.41	0.67	3.215
0.19	0.78	0.29	3.048
0.6	0.06	0.92	2.43
0.02	0.07	0.57	2.377
0.62	0.44	0.2	1.62
0.06	0.92	0.64	4.268
0.38	0.85	0.57	3.583
0.47	0.75	0.72	3.595
0.06	0.41	0.46	2.801
0.07	0.3	0.53	2.712
0.38	0.61	0.31	2.507
0.3	0.51	0.57	2.965
0.64	0.73	0.58	3.041
0.67	0.81	0.41	2.799
0.01	0.85	0.18	3.169
0.89	0.1	0.63	1.528
0.62	0.59	0.94	3.563
0.32	0.75	0.09	2.389
0.5	0.51	0.03	1.537
0.15	0.11	0.83	2.877
0.61	0.85	0.14	2.361
0.85	0.55	0.59	2.433
0.58	0.4	0.96	3.256
0.29	0.96	0.49	3.746
0.87	0.22	0.65	1.848
0.59	0.37	0.03	1.135
0.23	0.42	0.98	3.762
0.12	0.85	0.27	3.235
0.95	0.53	0.87	2.887
0.27	0.81	0.61	3.719
0.56	0.31	0.61	2.321
0.82	0.14	0.41	1.212
0.2	0.99	0.49	3.917
0.4	0.38	0.47	2.352
0.92	0.72	0.46	2.42
0.73	0.08	0.67	1.766
0.11	0.32	0.3	2.2
0.12	0.28	0.61	2.786
0.17	0.37	0.13	1.859
0.73	0.41	0.07	1.139
0.16	0.42	0.73	3.296
0.19	0.15	0.32	1.791
0.04	0.79	0.21	3.073
0.98	0.08	0.89	1.95
0.92	0.68	0.14	1.632
0.7	0.07	0.57	1.561
0.79	0.78	0.74	3.318
0.94	0.49	0.4	1.781
0.18	0.47	0.36	2.563
0.55	0.3	0.27	1.564
0.54	0.06	0.21	0.94
0.39	0.07	0.98	2.835
1	0.99	0.37	2.693
0.89	0.91	0.4	2.723
0.82	0.66	0.44	2.37
0.8	1	0.86	4.032
0.2	0.36	0.89	3.474
0.32	0.2	0.54	2.224
0.81	0.7	0.67	2.972
0.58	0.58	0.06	1.654
0.51	0.49	0.94	3.485
0.27	0.9	0.42	3.49
0.7	0.36	0.11	1.158
0.01	0.12	0.07	1.394
0.38	0.15	0.75	2.509
0.1	0.5	0.47	2.964
0.67	0.47	0.16	1.535
0.39	0.2	0.96	3.064
0.61	0.14	0.43	1.508
0.2	0.72	0.52	3.416
0.5	0.84	0.75	3.814
0.47	0.83	0.35	2.949
0.78	0.76	0.36	2.452
0.95	0.93	0.52	2.957
0.17	0.28	0.02	1.428
0.75	0.76	0.38	2.532
0.71	0.73	0.64	3.089
0.97	0.43	0.09	0.937
0.1	0.47	0.71	3.429
0.25	0.13	0.04	1.061
0.03	0.32	0.16	1.988
0.95	0.21	0.43	1.247
0.71	0.92	0.32	2.784
0.61	0.82	0.78	3.706
0.71	0.42	0.12	1.294
0.93	0.62	0.24	1.714
0.35	0.45	0.48	2.581
0.62	0.66	0.85	3.512
0.86	0.15	0.67	1.757
0.88	0.61	0.44	2.193
0.74	0.71	0.48	2.659
0.98	0.2	0.51	1.366
0.13	0.87	0.14	2.979
0.98	0.28	0.72	1.996
0.5	0.14	0.57	1.948
0.67	0.67	0.08	1.779
0.94	0.81	0.35	2.343
0.94	0.64	0.92	3.24
1	0.84	0.71	3.126
0.21	0.62	0.62	3.414
0.48	0.72	0.21	2.398
0.85	0.65	0.49	2.423
0.59	0.2	0.41	1.614
0.66	0.3	0.56	2.07
0.8	0.82	0.69	3.28
0.8	0.4	0.98	3.036
0.97	0.1	0.13	0.332
0.84	0.62	0.64	2.702
0.33	0.66	0.8	3.75
0.47	0.06	0.72	2.146
0.33	0.6	0.41	2.766
0.18	0.47	0.75	3.421
0.86	0.25	0.49	1.571
0.59	0.44	0.74	2.844
0.73	0.85	0.1	2.129
0.57	0.61	0.12	1.861
0.96	0.3	0.55	1.688
0.98	0.45	0.23	1.275
0.17	0.8	0.93	4.522
0.71	0.78	0.28	2.402
0.77	0.72	0.79	3.326
0.32	0.1	0.12	1.09
0.6	0.01	0.06	0.433
0.22	0.61	0.28	2.633
0.45	0.33	0.62	2.517
0.59	0.01	0.87	2.227
0.81	0.3	0.01	0.68
0.76	0.28	0.12	0.94
0.97	0.64	0.56	2.412
0.29	0.21	0.37	1.907
0.93	0.05	0.86	1.881
0.23	0.48	0.14	2.04
0.06	0.14	0.62	2.586
0.04	0.53	0.97	4.199
0.33	0.45	0.11	1.791
0.9	0.1	0.74	1.758
0.82	0.31	0.63	2.053
0.86	0	0.78	1.684
0.3	0.75	0.22	2.699
0.51	0.39	0.42	2.131
0.86	0.79	0.64	3.035
0.92	0.73	0.73	3.035
0.05	0.37	0.87	3.631
0.48	0.74	0.21	2.44
0.09	0.17	0.66	2.701
0.19	0.63	0.29	2.733
0.8	0.88	0.58	3.164
0.51	0.21	0.91	2.831
0.31	0.63	0.57	3.205
0.38	0.71	0.42	2.959
0.48	0.72	0.94	4.004
0.08	0.33	0.24	2.125
0.5	0.67	0.38	2.643
0.81	0.7	0.71	3.06
0.39	0.24	0.61	2.378
0.87	0.9	0.4	2.726
0.66	0.75	0.32	2.487
0.68	0.68	0.45	2.602
0.36	0.8	0.38	3.084
0.71	0.04	0.01	0.254
0.11	0.16	0.72	2.788
0.94	0.61	0.75	2.803
0.69	0.15	0.02	0.531
0.3	0.83	0.96	4.495
0.65	0.39	0.75	2.689
0.97	0.43	0.47	1.773
0.54	0.86	0.37	2.972
0.84	0.87	0.45	2.809
0.87	0.25	0.73	2.087
0.61	0.33	0.44	1.929
0.36	0.55	0.54	2.911
0.62	0.94	0.29	2.868
0.24	0.08	0.1	1.1
0.2	0.56	0.35	2.706
0.23	0.21	0.8	2.925
0.14	0.84	0.76	4.268
0.04	0.3	0.9	3.562
0.44	0.4	0.29	1.95
0.71	0.57	0.99	3.523
0.59	0.36	0.94	3.116
0.37	0.47	0.07	1.697
0.99	0.35	0.51	1.669
0.8	0.44	0.79	2.702
0.4	0.93	0.6	3.793
0.45	1	0.9	4.54
0.93	0.83	0.28	2.243
0.41	0.42	0.91	3.392
0.23	0.72	0.27	2.83
0.51	0.64	0.56	2.964
0.01	0.82	0.29	3.348
0.62	0.19	0.62	2.019
0.08	0.79	0.3	3.223
0.38	0.54	0.41	2.58
0.5	0.73	0.11	2.175
0.74	0.03	0.72	1.759
0	0.81	0.32	3.405
0.98	0.79	0.14	1.791
0.92	0.89	0.73	3.371
0.61	0.76	0.98	4.02
0.24	0.96	0.33	3.454
0.26	0.5	0.49	2.816
0.09	0.04	0.86	2.868
0.69	0.23	0.71	2.217
0.99	0.14	0.47	1.14
0.15	0.94	0.14	3.102
0.67	0.9	0.59	3.384
0.74	0.38	0.42	1.834
0.18	0.25	0.17	1.683
0.3	0.11	0.38	1.707
0.26	0.41	0.56	2.781
0.12	0.32	0.98	3.684
0.99	0.88	0.11	1.902
0.95	0.66	0.91	3.248
0.47	0.8	0.17	2.49
0.37	0.49	0.49	2.663
0.04	0.39	0.25	2.321
0.5	0.25	0.67	2.399
0.35	0.61	0.55	3.071
0.19	0.88	0.96	4.732
0.76	0.56	0.35	2.034
0.86	0.61	0.06	1.381
0.61	0.81	0.44	2.937
0.72	0.03	0.45	1.189
0.91	0.06	0.45	1.024
0.08	0.74	0.42	3.382
0.15	0.01	0.3	1.501
0.14	0.84	0.49	3.674
0.61	0.68	0.63	3.082
0.11	0.58	0.23	2.592
0.65	0.5	0.68	2.766
0.07	0.4	0.2	2.196
0.22	0.76	0.69	3.85
0.3	0.9	0.81	4.312
0.07	0.89	0.77	4.479
0.13	0.8	0.05	2.634
0.2	0.94	0.68	4.23
0.15	0.7	0.25	2.84
0.49	0.22	0.03	0.94
0.32	0.4	0.17	1.83
0.43	0.15	0.06	0.931
0.81	0.28	0.49	1.694
0.56	0.72	0.72	3.424
0.07	0.92	0.61	4.19
0.29	0.26	0.95	3.288
0.48	0.24	0.22	1.412
0.29	0.79	0.56	3.543
0.15	0.61	0.86	3.993
0.16	0.77	0.99	4.603
0.86	0.71	0.12	1.723
0.08	0.52	0.96	4.108
0.78	0.19	0.49	1.541
0.09	0.25	0.07	1.571
0.53	0.58	0.15	1.912
0.46	0.34	0.78	2.878
0.18	0.09	0.97	3.107
0.43	0.75	0	2.059
0.01	0.83	0.13	3.017
0.16	0	0.3	1.468
0.12	0.47	0.29	2.481
0.45	0.14	0.3	1.414
0.72	0.58	0.81	3.136
0.74	0.74	0.49	2.744
0.04	0.56	0.72	3.712
0.54	0.02	0.11	0.636
0.37	0.13	0.45	1.819
0.92	0.79	0.1	1.775
0.17	0.81	0.83	4.323
0.96	0.78	0.14	1.794
0.01	0.1	0.67	2.672
0.32	0.49	0.31	2.327
0.26	0.34	0.25	1.952
0.41	0.98	0.35	3.336
0.31	0.13	0.37	1.715
0.19	0.06	0.33	1.624
1	0.27	0.98	2.523
0.67	0.53	0.66	2.761
0.23	0.15	0.24	1.567
0.03	0.34	0.96	3.79
0.74	0.33	0.85	2.675
0.51	0.41	0.87	3.163
0.15	0.28	0.5	2.508
0.58	0.96	0.4	3.2
1	0.61	0.76	2.753
0.78	0.25	0.97	2.723
0.8	0.79	0.32	2.403
0.32	0.42	0.25	2.048
0.58	0.35	0.85	2.909
0.03	0.65	0.24	2.857
0.65	0.59	0.02	1.503
0.87	0.41	0.52	1.961
0.03	0.01	0.67	2.459
0.68	0.36	0.77	2.634
0.59	0.09	0.79	2.219
0.19	0.31	0.49	2.501
0.58	0.11	0.06	0.667
0.2	0.39	0.33	2.305
0.38	0.64	0.51	3.01
0.12	0.28	0.18	1.84
0.66	0.78	0.15	2.176
0.3	0.88	0.14	2.796
0.55	0.12	0.12	0.856
0.44	0.07	0.56	1.851
0.6	0.09	0.14	0.777
0.32	0.7	0.37	2.9
0.16	0.26	0.75	3.004
0.81	0.49	0.21	1.519
0.55	0.89	0.7	3.749
0.56	0.06	0.87	2.368
0.12	0.75	0.8	4.191
0.38	0.1	0.47	1.788
0.17	0.2	0.29	1.854
0.54	0.43	0.99	3.433
0	0.68	0.53	3.594
0.79	0.08	0.32	0.924
0.55	0.26	0.39	1.744
0.06	0.06	0.86	2.946
0.32	0.33	0.8	3.069
0.08	0.41	0.14	2.073
0.65	0.52	0.85	3.182
0.53	0.46	0.88	3.266
0.33	0.56	0.52	2.924
0.55	0.66	0.71	3.288
0.02	0.32	0.22	2.132
0.64	0.28	0.56	2.052
0.35	0.06	0.36	1.498
0.56	0.15	0.83	2.469
0.88	0.52	0.22	1.52
0.52	0.39	0.12	1.459
0.05	0.7	0.58	3.686
0.87	0.81	0.89	3.615
0.84	0.58	0.2	1.65
0.28	0.25	0.84	3.037
0.45	0.82	0.24	2.71
0.81	0.11	0.77	1.953
0.54	0.76	0.15	2.278
0.27	0.05	0.71	2.343
0.12	0.99	0.79	4.673
0.08	0.35	0.02	1.683
0.98	0.15	0.21	0.601
0.56	0.71	0.34	2.567
0.58	0.53	0.39	2.275
0.14	0.39	0.15	1.981
0.6	0.59	0.47	2.553
0.54	0.96	0.97	4.502
0.79	0.13	0.81	2.107
0.25	0.01	0.38	1.557
0.02	0.09	0.83	2.991
0.17	0.85	0.55	3.791
0.9	0.07	0.01	0.089
0.47	0.81	0.75	3.787
0.37	0.94	0.52	3.674
0.67	0.16	0.18	0.928
0.2	0.63	0.53	3.249
0.94	0.16	0.4	1.088
0.58	0.88	0.71	3.714
0.09	0.2	0.65	2.742
0.61	0.95	0.15	2.593
0.92	0.65	0.65	2.691
0.41	0.03	0.81	2.353
0.41	0.75	0.46	3.095
0.51	0.12	0.33	1.366
0.86	0.42	0.83	2.676
0.59	0.26	0.4	1.718
0.23	0.72	0.86	4.128
0.72	0.28	0.25	1.274
0.62	0.26	1	3.002
0.3	0.68	0.45	3.058
0.34	0.97	0.14	2.937
0.62	0.66	0.23	2.148
0.52	0.36	0.91	3.134
0.19	0.12	0.56	2.256
0.29	0.78	0.91	4.292
0.33	0.13	0.87	2.791
0.12	0.87	0.83	4.509
0.71	0.64	0.14	1.8
0.92	0.5	0.08	1.122
0.8	0.56	0.98	3.372
0.31	0.33	0.58	2.597
0.91	0.7	0.31	2.06
0.46	0.21	0.32	1.593
0.11	0.68	0.44	3.264
0.02	0.23	0.65	2.889
0.84	0.93	0.27	2.539
0.45	0.92	0.5	3.492
0.02	0.48	0.21	2.446
0.75	0.09	0.15	0.619
0.43	0.83	0.51	3.349
0.65	0	0.65	1.65
0.34	0.95	0.64	3.995
0.69	0.7	0.75	3.292
0.74	0.25	0.86	2.529
0.46	0.56	0.83	3.45
0.79	0.79	0.98	3.867
0.49	0.41	0.72	2.857
0.1	0.17	0.92	3.261
0.48	0.76	0.01	2.042
0.46	0.35	0.8	2.943
0.42	0.43	0.42	2.323
0.2	0.54	0.54	3.082
0.11	0.36	0.95	3.714
0.58	0.28	0.57	2.146
0.01	0.59	0.58	3.503
0.35	0.05	0.46	1.697
0.4	0.56	0.9	3.676
0.05	0.77	0.67	4.031
0.26	0.77	0.33	3.031
0.99	0.8	0.56	2.724
0.35	0.03	0.12	0.907
0.32	0.96	0.93	4.678
0.66	0.45	0.02	1.197
0.74	0.27	0.6	1.999
0.45	0.32	0.91	3.134
0.99	0.68	0.79	2.978
0.47	0.81	0.41	3.039
0.33	0.27	0.2	1.611
0.96	0.82	0.22	2.054
0.64	0.91	0.16	2.495
0.32	0.31	0.26	1.839
0.7	0.77	0.56	3.009
0.36	0.66	0.64	3.362
0.1	0.12	0.27	1.726
0.11	0.22	0.47	2.364
0.25	0.67	0.51	3.229
0.99	0.08	0.61	1.322
0.56	0.02	0.6	1.69
0.93	0.3	0.79	2.252
0.84	0.84	0.64	3.164
0.44	0.57	0.19	2.087
0.29	0.5	0.76	3.374
0.04	0.62	0.32	2.958
0.51	0.89	0.07	2.411
0.65	0.37	0.24	1.525
0.08	0.08	0.9	3.052
0.45	0.07	0.57	1.861
0.13	0.35	0.71	3.141
0.29	0.38	0.62	2.814
0.72	0.52	0.19	1.646
0.32	0.3	0.59	2.544
0.83	0.76	0.22	2.084
0.11	0.87	0.87	4.609
0.33	0.36	0.19	1.778
0.44	0.27	0.01	1.061
0.37	0.03	0.9	2.599
0.74	0.24	0.44	1.584
0.6	0.46	0.07	1.4
0.46	0.03	0.62	1.875
0.84	0.95	0.84	3.835
0.46	0.65	0.16	2.165
0.67	0.9	0.41	2.988
0.41	0.92	0.33	3.166
0.5	0.36	0.21	1.618
0.27	0.2	0.54	2.284
0.15	0.49	0.75	3.499
0.82	0.36	0.03	0.838
0.16	0.58	0.1	2.246
0.9	0.95	0.05	2.025
0.94	0.11	0.9	2.083
0.36	0.31	0.53	2.385
0.09	0.91	0.66	4.255
0.93	0.66	0.41	2.172
0.59	0.11	0.41	1.425
0.63	0.97	0.57	3.535
0.11	0.69	0.21	2.779
0.79	0.73	0.6	2.905
0.67	0.27	0.58	2.039
0.65	0.13	0.67	1.967
0.13	0.44	0.8	3.528
0.61	0.13	0.86	2.433
0.22	0.41	0.1	1.817
0.11	0.48	0.4	2.756
0.12	0.25	0.28	1.997
0.9	0.12	0.61	1.514
0.44	0.82	0.6	3.514
0.75	0.51	0.74	2.799
0.81	0.47	0.72	2.599
0.95	0.34	0.97	2.708
0.41	0.59	0.72	3.331
0.32	0.03	0.72	2.263
0.35	0.57	0.73	3.383
0.08	0.49	0.44	2.901
0.72	0.7	0.25	2.156
0.08	0.58	0.21	2.584
0.32	0.1	0.87	2.74
0.41	0.59	0.73	3.353
0.83	0.28	0.02	0.636
0.81	0.53	0.8	2.901
0.19	0.91	0.14	2.991
0.32	0.38	0.71	2.976
0.32	0.15	0.18	1.327
0.86	0.41	0.73	2.435
0.78	0.1	0.83	2.1
0.47	0.89	0.18	2.701
0.39	0.56	0.78	3.424
0.59	0.16	0.33	1.354
0.21	0.96	0.45	3.754
0.6	0.65	0.74	3.273
0.7	1	0.3	2.92
0.05	0.25	0.28	2.081
0.68	0.68	0.09	1.81
0.37	0.48	1	3.764
1	0.93	0.91	3.755
0.44	0.36	0.36	2.02
0.01	0.13	0.88	3.197
0.72	0.13	0.78	2.125
0.31	0.34	0.26	1.914
0.32	0	0.95	2.706
0.6	0.48	0.4	2.168
0.84	0.35	0.07	0.881
0.29	0.41	0.65	2.943
0.39	0.7	0.17	2.376
0.78	0.1	0.06	0.406
0.1	0.84	0.24	3.172
0.73	0.53	0.25	1.787
0.25	0.41	0.12	1.825
0.91	0.81	0.53	2.775
0.54	0.93	0.26	2.877
0.35	0.7	0.68	3.546
0.48	0.81	0.35	2.895
0.64	0.66	0.36	2.41
0.02	0.33	0.48	2.725
0.03	0.1	0.73	2.78
0.87	0.78	0.1	1.814
0.52	0.87	0.37	3.017
0.18	0.7	0.52	3.398
0.77	0.62	0.59	2.676
0.15	0.42	0.99	3.88
0.69	0.48	0.39	2.038
0.23	0.93	0.31	3.359
0.63	0.48	0.08	1.428
0.34	0.7	0.13	2.348
0.64	0.98	0.6	3.61
0.89	1	0.27	2.626
0.14	0.38	0.74	3.258
0.15	0.59	0.2	2.499
0.44	0.68	0.87	3.814
0.11	0.53	0.27	2.575
0.58	0.3	0.38	1.77
0.02	0.76	0.05	2.682
0.08	0.03	0.91	2.969
0.16	0.59	0.59	3.345
0.36	0.07	0.1	0.935
0.97	0.61	0.37	1.931
0.41	0.83	0.44	3.219
0.99	0.75	0.49	2.465
0.6	0.94	0.18	2.65
0.49	0.65	0.19	2.195
0.89	0.58	0.48	2.206
0.08	0.37	0.46	2.693
0.78	0.27	0.18	1.027
0.02	0.89	0.95	4.935
0.14	0.19	1	3.431
0.36	0.85	0.34	3.101
0.79	0.56	0.41	2.13
0.29	0.37	0.71	2.991
0.9	0.85	0.05	1.815
0.25	0.24	0.3	1.864
0.6	0.99	0.62	3.723
0.45	0.18	0.3	1.498
0.7	0.36	0.73	2.522
0.09	0.56	0.25	2.618
0.11	0.61	0.96	4.261
0.26	0.8	0.62	3.732
0.12	0.81	0.92	4.581
0.89	0.01	0.53	1.119
0.58	0.88	0.45	3.142
0.05	0.89	0.51	3.931
0.5	0.95	0.54	3.583
0.9	0.02	0.58	1.238
0.62	0.08	0.4	1.304
0.96	0.7	0.38	2.154
0.34	0.42	0.03	1.54
0.4	0.83	0.66	3.715
0.7	0.64	0.52	2.648
0.37	0.65	0.7	3.461
0.32	0.56	0.35	2.562
0.16	0.46	0.06	1.906
0.5	0.29	0.46	2.021
0.45	0.1	0.78	2.386
0.9	0.58	0.02	1.182
0.34	0.27	0.57	2.413
0.66	0	0.34	0.956
0.06	0.9	1	5.018
0.64	0.82	0.39	2.812
0.57	0.04	0.57	1.654
0.81	0.52	0.57	2.374
0.87	0.84	0.62	3.084
0.35	0.63	0.83	3.729
0.9	0.82	0.59	2.94
0.87	0.31	0.05	0.717
0.2	0.8	0.67	3.914
0.77	0.83	0.39	2.677
0.34	0.82	0.53	3.48
0.13	0.57	0.96	4.153
0.19	0.25	0.67	2.771
0.33	0.65	0.69	3.487
0.81	0.65	0.1	1.613
0.9	0.17	0.41	1.179
0.78	0.78	0.4	2.582
0.79	0.96	0.4	2.948
0.82	0.51	0.93	3.133
0.66	0.34	0.08	1.098
0.86	0.96	0.92	4.008
0.84	0.07	0.73	1.745
0.89	0.24	0.52	1.58
0.54	0.11	0.88	2.519
0.74	0.77	0.87	3.643
0	0.96	0.57	4.27
0.42	0.37	0.71	2.835
0.56	0.49	0.82	3.161
0.22	0.5	0.01	1.808
0.36	0.64	0.59	3.21
0.9	0.28	0.35	1.278
0.35	0.2	0.38	1.836
0.64	0.97	0.13	2.555
0.16	0.06	0.3	1.594
0.89	0.08	0.54	1.288
0.85	0.06	0.15	0.436
0.97	0.17	0.96	2.305
0.67	0.24	0.99	2.878
0.74	0.45	0.23	1.563
0.83	0.14	0.55	1.508
0.63	0.61	0.42	2.449
0.32	0.66	0.99	4.18
0.58	0.44	0.69	2.746
0.55	0.76	0.79	3.674
0.25	0.57	0.87	3.811
0.93	0.73	0.07	1.571
0.42	0.14	0.47	1.824
0.51	0.18	0.02	0.81
0.36	0.42	0.47	2.484
0.43	0.44	0.86	3.3
0.84	0.41	0.65	2.283
0.65	0.59	0.76	3.131
0.98	0.57	0.39	1.879
0.16	0.01	0.14	1.137
0.22	0.61	0.68	3.513
0.56	0.64	0.41	2.574
0.33	0.31	0.8	3.015
0.5	0.88	0.22	2.732
0.38	0.92	0.34	3.224
0.86	0.31	0.39	1.477
0.64	0.01	0.6	1.573
0.05	0.92	0.18	3.268
0.56	0.22	0.41	1.692
0.73	0.67	0.02	1.575
0.05	0.64	0.95	4.374
0.89	0.66	0.35	2.088
0.96	0.27	0.7	1.955
0.18	0.48	0.57	3.046
0.32	0.04	0.19	1.118
0.47	0.73	0.43	2.915
0.26	0.72	0.34	2.948
0.46	0.86	0.62	3.618
0.59	0.75	0.44	2.835
0.44	0.76	0.89	4.026
0.8	0.56	0.33	1.942
0.8	0.53	0.2	1.593
0.97	0.51	0.21	1.369
0.35	0.33	0.04	1.361
0.58	0.4	0.26	1.716
0.01	0.46	0.72	3.538
0.28	0.83	0.78	4.123
0.12	0.33	0.94	3.617
0.81	0.84	0.65	3.222
0.26	0.45	0.57	2.887
0.9	0.72	0.5	2.532
0.02	0.98	0.81	4.816
0.58	0.77	0.37	2.735
0.38	0.1	0.21	1.216
0.65	0.77	0.2	2.277
0.41	0.34	0.01	1.244
0.8	0.88	0.61	3.23
0.65	0.32	0.26	1.464
0.31	0.51	0.82	3.503
0.11	0.74	0.96	4.534
0.29	0.77	0.09	2.467
0.14	0.01	0.27	1.447
0.35	0.57	0.29	2.415
0.19	0.61	0.96	4.165
0.96	0.1	0.36	0.85
1	0.8	0.77	3.174
0.79	0.21	1	2.693
0.25	0.1	0.58	2.186
0.42	0.96	0.26	3.084
0.75	0.77	0.28	2.333
0.51	0.81	0.89	4.047
0.39	0.11	0.01	0.785
0.5	0.41	0.56	2.493
0.63	0.97	0.74	3.909
0.61	0.68	0.41	2.598
0.19	0.81	0.03	2.539
0.27	0.9	0.18	2.962
0.6	0.87	0.34	2.855
0.47	0.42	0.84	3.166
0.29	0.06	0.67	2.252
0.74	0.59	0.38	2.187
0.03	0	0.33	1.69
0.49	0.93	0.94	4.433
0.2	0.11	0.24	1.519
0.58	0.98	0.19	2.78
0.49	0.69	0.8	3.621
0.96	0.8	0.65	2.958
0.21	0.74	0.72	3.886
0.95	0.6	0.62	2.484
0.94	0.62	0.03	1.24
0.66	0.36	0.32	1.668
0.18	0.97	0.76	4.493
0.85	0.06	0.35	0.876
0.99	0.11	0.97	2.177
0.52	0.72	0.82	3.692
0.44	0.45	0.94	3.485
0.06	0.6	0.14	2.496
0.69	0.74	0.01	1.748
0.35	0.82	0.42	3.226
0.03	0.47	0.67	3.425
0.45	0.57	0.88	3.593
0.71	0.99	0.05	2.337
0.26	0.3	0.65	2.748
0.53	0.46	0.94	3.398
0.05	0.18	0.59	2.616
0.06	0.57	0.64	3.533
0.87	0.74	0.87	3.424
0.08	0.73	0.47	3.471
0.91	0.91	0.07	1.973
0.33	0.16	0.99	3.118
0.54	0.23	0.46	1.847
0.74	0.37	0.54	2.077
1	0.28	0.39	1.246
0.69	0.81	0.88	3.809
0.56	0.98	0.58	3.662
0.48	0.45	0.05	1.479
0.3	0.07	0.35	1.557
0.57	0.39	0.81	2.917
0.18	0.7	0.19	2.672
0.5	0.49	0.41	2.331
0.81	0.05	0.9	2.113
0.18	0.46	0.15	2.08
0.01	0.89	0.55	4.067
0.31	0.03	0.7	2.231
0.02	0.39	0.26	2.367
0.52	0.98	0.92	4.458
0.54	0.98	0.8	4.17
0.75	0.94	0.72	3.658
0.16	0	0.14	1.116
0.02	0.05	0.31	1.763
0.14	0.7	0.13	2.588
0.47	0.52	0.2	1.968
0.35	0.64	0.22	2.408
0.65	0.27	0.74	2.415
0.52	0.15	0.03	0.757
0.18	0.65	0.27	2.743
0.3	0.47	0.61	2.969
0.76	0.23	0	0.571
0.57	0.69	0.59	3.063
0.68	0.9	0.04	2.162
0.15	0.83	0.05	2.673
0.91	0.95	0.48	2.959
0.28	0.3	0.47	2.328
0.88	0.03	0.69	1.525
0.11	0.43	0.88	3.707
0.98	0.95	0.14	2.127
0.83	0.99	0.14	2.391
0.71	0.01	0.53	1.335
0.68	0.38	0.3	1.642
0.88	0.87	0.01	1.793
0.92	0.36	0.86	2.544
0.23	0.88	0.68	4.068
0.42	0.92	0.86	4.32
0.69	0.31	0.22	1.307
0.13	0.35	0.87	3.493
0.39	0.2	0.01	0.974
0.98	0.33	0.65	1.947
0.9	0.9	0.47	2.844
0.42	0.48	0.11	1.746
0.54	0.72	0.76	3.536
0.99	0.67	0.88	3.155
0.85	0.88	0.48	2.884
0.6	0.35	0.13	1.301
0.02	0.54	0.71	3.672
0.96	0.6	0.57	2.362
0.08	0.11	0.07	1.289
0.36	0.27	0.04	1.223
0.47	0.9	0.43	3.272
0.48	0.45	0.65	2.799
0.53	0.04	0.58	1.724
0.39	0.43	0.97	3.569
0.34	0.4	0.89	3.39
0.25	0.64	0.58	3.32
0.6	0.83	0.92	4.047
0.35	0.74	0.49	3.212
0.27	0.43	0.67	3.053
0.69	0.22	0.7	2.174
0.02	0.38	0.71	3.336
0.02	0.37	0.39	2.611
0.22	0.29	0.7	2.885
0.29	0.28	0.26	1.812
0.25	0.8	0.46	3.392
0.31	0.71	0.78	3.835
0.17	0.67	0.15	2.533
0.25	0.13	0.57	2.227
0.29	0.04	0.1	0.956
0.81	0.53	0.91	3.143
0.01	0.41	0.45	2.839
0.04	0.31	0.58	2.879
0.98	0.86	0.64	3.038
0.86	0.17	0.48	1.381
0.47	0.6	0.52	2.84
0.47	0.34	0.15	1.48
0.55	0.98	0.71	3.96
0.55	0.34	0.61	2.396
0.23	0.81	0.8	4.185
0.66	0.9	0.51	3.22
0.6	0.43	0.28	1.799
0.21	0.33	0.52	2.585
0.31	0.62	0.17	2.304
0.38	0.32	0.03	1.282
0.3	0.33	0.78	3.049
0.58	0.82	0.57	3.28
0.61	0.83	0.94	4.079
0.01	0.23	0.88	3.407
0.44	0.39	0.21	1.753
0.18	0.16	0.91	3.122
0.44	0.08	0.06	0.772
0.53	0.28	0.11	1.194
0.93	0.05	0.06	0.121
0.38	0.73	0.03	2.143
0.75	0.98	0.67	3.632
0.05	0.14	0.87	3.148
0.54	0.2	0.04	0.86
0.44	0.97	0.94	4.577
0.46	0.78	0.89	4.044
0.35	0.19	0.85	2.849
0.57	0.81	0.25	2.567
0.92	0.47	0.16	1.235
0.54	0.58	0.4	2.45
0.1	0.36	0.63	3.022
0.92	0.53	0.96	3.121
0.75	0.14	0.28	1.01
0.01	0.87	0.51	3.937
0.49	0.12	0.13	0.95
0.84	0.79	0.78	3.367
0.68	0.69	0.09	1.831
0.82	0.4	0.31	1.538
0.42	0.83	0.07	2.393
0.83	0.02	0.84	1.894
0.2	0.58	0.26	2.55
1	0.67	0.61	2.549
0.97	0.79	0.82	3.299
0.86	0.02	0.8	1.77
0.96	0.22	0.82	2.114
0.71	0.85	0.7	3.473
0.48	0.95	0.57	3.673
0.64	0.4	0.98	3.228
0.48	0.77	0.93	4.087
0.21	0.27	0.57	2.569
0.75	0.07	0.41	1.149
0.86	0.61	0.88	3.185
0.98	0.41	0.21	1.147
0.38	0.17	0.13	1.187
0.07	0.55	0.7	3.611
0.33	0.02	0.68	2.142
0.11	0.37	0.17	2.019
0.67	0.41	0.14	1.365
0.01	0.6	0.25	2.798
0.74	0.32	0.27	1.378
0.64	0.73	0.21	2.227
0.23	0.9	0.26	3.186
0.49	0.04	0.07	0.65
0.93	0.33	0.45	1.567
0.65	0.09	0.21	0.871
0.42	0.62	0.99	3.976
0.69	0.62	0.96	3.586
0.13	0.05	0.22	1.433
0.7	0.8	0.97	3.974
0.31	0.07	0.04	0.863
0.37	0.35	0.21	1.753
0.82	0.62	0.48	2.374
0.76	0.63	0.42	2.335
0.67	0.6	0.84	3.304
0.14	0.21	0.84	3.121
0.25	0.04	0.15	1.114
0.25	0.07	0.18	1.243
0.6	0.74	0.36	2.626
0.86	0.75	0.05	1.653
0.27	0.56	0.7	3.392
0.9	0.8	0.28	2.216
0.23	0.32	0.6	2.716
0.45	0.36	0.35	1.986
0.27	0.88	0.04	2.612
0.98	0.22	0.19	0.704
0.66	0.04	0.71	1.854
0.17	0.51	0.59	3.165
0.7	0.82	0.1	2.102
0.94	0.75	0.78	3.163
0.14	0.63	0.17	2.529
0.49	0.04	0.71	2.058
0.79	0.85	0.11	2.079
0.35	0.09	0.03	0.835
0.65	0.7	0.07	1.844
0.86	0.59	0.85	3.077
0.29	0.3	0.79	3.02
0.41	0.22	0.07	1.124
0.1	0.43	0.56	3.015
0.34	0.02	0.35	1.404
0.14	0.92	0.2	3.204
0.37	0.97	0.33	3.319
0.46	0.52	0.04	1.628
0.53	0.11	0.45	1.585
0.24	0.4	0.37	2.366
0.19	0.02	0.22	1.298
0.11	0.25	0.81	3.175
0.72	0.66	0.54	2.71
0.69	0.26	0.84	2.566
0.52	0.98	0.89	4.392
0.49	0.11	0.29	1.281
0.41	0.21	0.76	2.621
0.09	0.46	0.58	3.134
0.16	0.25	0.6	2.653
0.57	0.55	0.76	3.143
0.29	0.3	0.04	1.37
0.77	0.27	0.36	1.435
0.9	0.96	0.79	3.674
0.55	0.93	0.58	3.569
0.91	0.69	0.59	2.655
0.06	0.15	0.95	3.333
0.21	0.67	0.15	2.485
0.84	0.07	0.8	1.899
0.17	0.93	0.64	4.157
0.54	0.97	0.29	3.027
0.02	0.75	0.31	3.233
0.4	0.84	0.38	3.12
0.02	0.03	0.06	1.171
0.44	0.4	0.87	3.226
0.73	0.96	0.44	3.108
0.48	0.45	0.63	2.755
0.93	0.42	0.58	2.042
0.56	0.47	0.28	1.931
0.8	0.94	0.82	3.818
0.36	0.27	0.7	2.675
0.92	0.44	0.67	2.294
0.27	0.51	0.66	3.199
0.31	0.86	0	2.434
0.85	0.98	0.25	2.588
0.36	0.44	0.21	1.954
0.41	0.37	0.23	1.791
0.46	0.94	0.46	3.434
0.08	0.02	0.47	1.98
0.79	0.26	0.93	2.644
0.84	0.74	0.96	3.658
0.69	0.99	0.81	4.033
0.22	0.59	0.03	2.041
0.9	0.24	0.46	1.436
0.48	0.4	0.93	3.31
0.78	0.41	0.6	2.245
0.76	0.71	0.86	3.471
0.88	0.06	0.33	0.796
0.28	0.4	0.41	2.406
0.94	0.48	0.45	1.87